-0.0584418745  
-0.297614647  
-0.5025160917  
-0.6199672559  
-0.60068213  
-0.4457950486  
-0.2246259854  
-0.03795151331  
0.04181736122  
0.004062407236  
-0.1049368703  
-0.2114423431  
-0.2614390343  
-0.2588716614  
-0.2537882195  
-0.2915123512  
-0.3781367262  
-0.487738279  
-0.587374167  
-0.6477874338  
-0.6389695952  
-0.5341041597  
-0.3310591572  
-0.07241809116  
0.1621611091  
0.2993208603  
0.3242177537  
0.2892172868  
0.2596125793  
0.2529653681  
0.2403006957  
0.1982924298  
0.1465377763  
0.1355900687  
0.2075630239  
0.36726305  
0.5795256869  
0.7876567614  
0.9429912048  
1.024522172  
1.026100926  
0.9283834015  
0.7004792715  
0.3364814994  
-0.115686035  
-0.5622734985  
-0.8974822914  
-1.043969408  
-0.9902642237  
-0.8032545249  
-0.590880001  
-0.4325205578  
-0.33353068  
-0.2408826683  
-0.1038835616  
0.0706686877  
0.2173241958  
0.2727327924  
0.24218163  
0.1963468647  
0.1977454773  
0.2413770216  
0.2718000727  
0.2451326198  
0.1642735431  
0.06229598323  
-0.03035024048  
-0.09920810162  
-0.149196527  
-0.2113635557  
-0.3295759096  
-0.5177475722  
-0.7276791433  
-0.8624689629  
-0.8293093395  
-0.6018588939  
-0.2487177555  
0.1024208213  
0.3373117854  
0.4039775179  
0.3214509359  
0.1746733489  
0.0930631278  
0.1847401171  
0.4500030504  
0.7539936783  
0.9056984539  
0.7942982609  
0.4732409578  
0.1212762284  
-0.08638203846  
-0.09443964547  
0.01122769751  
0.08157493823  
0.01378325604  
-0.1855424851  
-0.412638184  
-0.5336411159  
-0.4637501004  
-0.2177624726  
0.08727941659  
0.2807343339  
0.2354511047  
-0.03165401468  
-0.3454026759  
-0.4810084064  
-0.316400209  
0.08925626896  
0.540158881  
0.8299817719  
0.8607360897  
0.6795421999  
0.4204584533  
0.2025993033  
0.05671408824  
-0.07142251658  
-0.2463936499  
-0.4635714822  
-0.6389826989  
-0.6768440394  
-0.5530199486  
-0.3454307134  
-0.1876686924  
-0.1728443476  
-0.2697257707  
-0.3234745226  
-0.1632512273  
0.2560300071  
0.7919240733  
1.187695419  
1.231314298  
0.8854468719  
0.3035911146  
-0.2611817715  
-0.5902481822  
-0.6073833407  
-0.4035861205  
-0.1604914771  
-0.02790824884  
-0.04656241006  
-0.1569781801  
-0.2632049312  
-0.2970349336  
-0.2524020475  
-0.1871707595  
-0.1927585626  
-0.3343787836  
-0.5912440063  
-0.845785269  
-0.9463684316  
-0.8101341415  
-0.4889598182  
-0.1414328464  
0.07156034662  
0.09024825189  
-0.01515358045  
-0.1035918513  
-0.05819171905  
0.1469706632  
0.4347125035  
0.6637972716  
0.7062875204  
0.528040951  
0.2172176588  
-0.067949348  
-0.2010311884  
-0.1651736974  
-0.04594374979  
0.0511696201  
0.08503857046  
0.1001880919  
0.1760074159  
0.3433393039  
0.5372002836  
0.6357778626  
0.5594732192  
0.3459473594  
0.137768123  
0.0915372896  
0.2786684786  
0.648935467  
1.071391227  
1.408671927  
1.571938489  
1.534546901  
1.310446561  
0.9243932664  
0.4082185451  
-0.1772810453  
-0.7364537585  
-1.174382331  
-1.443916788  
-1.555463451  
-1.542359013  
-1.422819859  
-1.200777405  
-0.9014738942  
-0.5964557428  
-0.3839535116  
-0.3318861717  
-0.4256842592  
-0.5729642831  
-0.6671887978  
-0.6434835041  
-0.4843999683  
-0.2157027743  
0.08091458437  
0.28649896  
0.318339381  
0.1925563132  
0.01048034388  
-0.1174699518  
-0.1474776135  
-0.1205464562  
-0.1074152778  
-0.1278106962  
-0.1242006627  
-0.01784253122  
0.2115677297  
0.4980167758  
0.7289051593  
0.8125090042  
0.7265556992  
0.5283617318  
0.3307684738  
0.2493757515  
0.3316122082  
0.5097613992  
0.630823888  
0.5564035032  
0.2569548341  
-0.1635529153  
-0.5183107274  
-0.6383331267  
-0.4724796561  
-0.1134309586  
0.2717208004  
0.5393498178  
0.6261428534  
0.553574633  
0.3944969809  
0.2220982297  
0.07452194089  
-0.04188179204  
-0.1262106349  
-0.1701038501  
-0.1724757957  
-0.1573454593  
-0.1620300405  
-0.2025926121  
-0.259711569  
-0.3032546035  
-0.3254954663  
-0.350035943  
-0.4142753391  
-0.5413527337  
-0.7171969864  
-0.8827211631  
-0.9470011737  
-0.82692368  
-0.502824469  
-0.04654796201  
0.4121307182  
0.7530924639  
0.915259272  
0.9099010111  
0.8010276148  
0.6608712795  
0.5306614952  
0.4156040003  
0.3030395605  
0.1759715388  
0.01851123423  
-0.1748652054  
-0.3884201803  
-0.5824176225  
-0.6989839307  
-0.6806870868  
-0.5064409907  
-0.2177831013  
0.09907419354  
0.3581672578  
0.5009890933  
0.5014959982  
0.3741330641  
0.1860877214  
0.04474334505  
0.04356645379  
0.195507843  
0.4081742214  
0.5312245892  
0.4519798189  
0.1697862756  
-0.2050715496  
-0.5178053081  
-0.6543169899  
-0.5987550861  
-0.4266737807  
-0.2413861195  
-0.1105754988  
-0.04150083509  
0.01043521102  
0.106618471  
0.2739587031  
0.4718736676  
0.6048725002  
0.5760280529  
0.3537537351  
0.007058801069  
-0.3288541238  
-0.5399858086  
-0.6010966604  
-0.5643084774  
-0.4873871665  
-0.3796011296  
-0.2180006026  
-0.007301662738  
0.1864382542  
0.2670503074  
0.1818933406  
-0.02088999962  
-0.2012197177  
-0.2096934781  
0.003681461982  
0.3386464623  
0.6036393745  
0.6453278027  
0.4475058623  
0.1263688387  
-0.1642300743  
-0.3371475528  
-0.40614866  
-0.4355722592  
-0.4664616318  
-0.4852962509  
-0.441584574  
-0.2849113206  
-0.006937881552  
0.3220254264  
0.5601691201  
0.5719071541  
0.3287792562  
-0.05392942895  
-0.3835249356  
-0.5138422372  
-0.4299724984  
-0.2282225175  
-0.02209352233  
0.1366624421  
0.2661884825  
0.4041478302  
0.549940309  
0.6501728552  
0.6396401465  
0.4934349967  
0.2399709795  
-0.05831624119  
-0.3224087937  
-0.470401008  
-0.4428576697  
-0.23509778  
0.0860869246  
0.4046933962  
0.6135289943  
0.6636497569  
0.5675602122  
0.3702044766  
0.1195578875  
-0.1542107656  
-0.4433461904  
-0.7355245349  
-0.977589004  
-1.084621663  
-0.9994495301  
-0.7399100529  
-0.3868902215  
-0.03348219991  
0.2557726001  
0.4516522563  
0.5451704039  
0.5348728928  
0.4283252708  
0.2516983128  
0.05094565527  
-0.1247228494  
-0.242635874  
-0.2885352748  
-0.254920578  
-0.1353376979  
0.06870856495  
0.3314266863  
0.5891049678  
0.7525931762  
0.7520971756  
0.5841991795  
0.3200522013  
0.06048889058  
-0.1306068662  
-0.2578414717  
-0.3644516114  
-0.477269049  
-0.5835752589  
-0.6518803974  
-0.6582483324  
-0.5840835058  
-0.4015391108  
-0.09057187579  
0.3117402011  
0.6870306385  
0.8817596513  
0.8053349047  
0.5099762697  
0.1749889334  
-0.01247582667  
0.01397438385  
0.1694198772  
0.2985143353  
0.2870083408  
0.117343144  
-0.1451813401  
-0.3941602679  
-0.5290146039  
-0.5036103102  
-0.3480830019  
-0.1406797659  
0.04103777328  
0.1460709595  
0.1498541901  
0.05156576258  
-0.1223568451  
-0.3212768868  
-0.4890227234  
-0.5873703201  
-0.6068838504  
-0.5584425423  
-0.4566251441  
-0.3172041852  
-0.1724902521  
-0.07812227937  
-0.08821389973  
-0.2079597252  
-0.3613075437  
-0.4148218136  
-0.263965339  
0.07294399152  
0.4408886762  
0.6475745832  
0.598857506  
0.356005273  
0.08262966112  
-0.05800009607  
0.01969369365  
0.3017307327  
0.6932550573  
1.055278948  
1.255174511  
1.224556088  
0.9883740955  
0.6354293102  
0.2625097739  
-0.05496986845  
-0.2640517786  
-0.3330431608  
-0.2572763709  
-0.07230865514  
0.1343553525  
0.241080344  
0.1507002591  
-0.1460891241  
-0.5505213059  
-0.8958550482  
-1.030467188  
-0.9005945463  
-0.5792031337  
-0.2156603927  
0.05677430287  
0.182182517  
0.1788139501  
0.1054523574  
0.03724980244  
0.04619756281  
0.1668396389  
0.362139879  
0.5271862079  
0.5423850244  
0.3446895502  
-0.03070509065  
-0.4628812865  
-0.7989630351  
-0.9202379375  
-0.7935782605  
-0.4834937935  
-0.1181634649  
0.1710289328  
0.3071564725  
0.2922878999  
0.1805229996  
0.02228799545  
-0.1626520896  
-0.3552311806  
-0.495314193  
-0.4950066035  
-0.309966367  
-0.002619862005  
0.2689390988  
0.3399160441  
0.1395154227  
-0.2710635538  
-0.7362286142  
-1.074593421  
-1.134788556  
-0.8347588888  
-0.2025879217  
0.5983637703  
1.312803765  
1.711804783  
1.714198384  
1.42798918  
1.079449866  
0.8664738757  
0.8320638539  
0.84990876  
0.731406775  
0.3743637904  
-0.1533918939  
-0.6559212393  
-0.9421664129  
-0.9425687717  
-0.7274149704  
-0.436644074  
-0.1886746838  
-0.03237872364  
0.03997750446  
0.05809721523  
0.05774318806  
0.07362036131  
0.117349781  
0.1511720495  
0.09254659809  
-0.1263996566  
-0.4759369705  
-0.8057298106  
-0.9252865613  
-0.7304093258  
-0.2738963912  
0.2690387999  
0.6994307317  
0.8785677872  
0.7613312414  
0.396181389  
-0.08748777356  
-0.5147377467  
-0.7378615191  
-0.7153872329  
-0.5335093107  
-0.3445032372  
-0.2682412441  
-0.3302575375  
-0.4686757039  
-0.5848979845  
-0.5984056123  
-0.4866029787  
-0.2982755354  
-0.1218396173  
-0.01364111887  
0.05897939869  
0.1970692797  
0.4719472665  
0.8335812876  
1.118837074  
1.161902154  
0.91674322  
0.4942983814  
0.08547145708  
-0.1673587689  
-0.246497306  
-0.2342563998  
-0.2292842113  
-0.2739190691  
-0.3285842494  
-0.3015323767  
-0.1269223437  
0.1605479202  
0.4333839348  
0.5718011205  
0.5658143201  
0.5195057773  
0.5504684485  
0.6726993564  
0.7680713163  
0.6785826876  
0.343758534  
-0.1352867839  
-0.5535687881  
-0.7290364338  
-0.6101065439  
-0.2998503772  
0.0159225033  
0.1818455739  
0.1403460519  
-0.07882766355  
-0.3962580828  
-0.6977461383  
-0.8491589965  
-0.755523781  
-0.4377575844  
-0.04360322139  
0.2409124699  
0.3109162911  
0.1902562811  
-0.02158440632  
-0.2342846893  
-0.4064898645  
-0.5338580263  
-0.6182725781  
-0.6406164814  
-0.554910873  
-0.3197718497  
0.04941948359  
0.4598392884  
0.7826447553  
0.9207272474  
0.8473773168  
0.6071368019  
0.2958436106  
0.02249795323  
-0.1360566817  
-0.1598697805  
-0.08409858136  
0.01689160788  
0.06225974251  
0.009563496405  
-0.1205545901  
-0.2564239165  
-0.3118721815  
-0.2365507346  
-0.05518265427  
0.1495272603  
0.3061377549  
0.4011033528  
0.4547228503  
0.4696912063  
0.420006705  
0.2846225154  
0.07877793618  
-0.1454551523  
-0.3218414644  
-0.4021922695  
-0.38453307  
-0.3157817665  
-0.2563336956  
-0.2293672778  
-0.2027935969  
-0.1229065398  
0.03513506353  
0.243785306  
0.4361150142  
0.538912504  
0.5053249042  
0.3353219787  
0.08027119776  
-0.1756042013  
-0.3563162715  
-0.4331744638  
-0.4309307665  
-0.3920519781  
-0.3292219868  
-0.2163877386  
-0.02690062258  
0.2279217685  
0.496147685  
0.7080489888  
0.7967078264  
0.7085191704  
0.4244472376  
0.001574316924  
-0.4109696026  
-0.6365755305  
-0.5879059967  
-0.3310827463  
-0.03444511658  
0.1440721436  
0.1346875998  
-0.0364236613  
-0.2878719237  
-0.5361714057  
-0.7267062245  
-0.8345893506  
-0.8531033598  
-0.7810303872  
-0.6183901844  
-0.3848612427  
-0.1410756276  
0.03345648092  
0.1009753271  
0.1011791867  
0.1220051262  
0.2295655019  
0.4133436085  
0.587925565  
0.650500499  
0.5558851608  
0.3538802134  
0.1561148966  
0.06491620297  
0.1250597673  
0.3136359685  
0.5510571742  
0.7296300977  
0.7625532096  
0.6388331057  
0.4426287386  
0.2992737677  
0.2801553701  
0.3553212525  
0.4297898221  
0.4125299732  
0.2635605135  
0.01237653499  
-0.2453357329  
-0.3850015873  
-0.3268452757  
-0.1008363441  
0.1536100851  
0.2598751096  
0.1011530881  
-0.3171289922  
-0.8629070587  
-1.319808358  
-1.474151395  
-1.232628977  
-0.6916349983  
-0.08136073895  
0.3724581353  
0.5465321814  
0.4272275866  
0.08150041817  
-0.3590446341  
-0.720250984  
-0.8440188291  
-0.663307141  
-0.2428241088  
0.242096791  
0.5780338831  
0.6113715061  
0.3358625971  
-0.08333963059  
-0.3876821147  
-0.3751401454  
-0.02455860367  
0.4971862588  
0.9449770691  
1.128376771  
0.9814999501  
0.5620470293  
0.01457900905  
-0.4765083329  
-0.7409985176  
-0.6871196832  
-0.3526198667  
0.1049501067  
0.4884647415  
0.6556262546  
0.5662283085  
0.274014435  
-0.1088636242  
-0.451821207  
-0.6446291378  
-0.6339329074  
-0.4484173965  
-0.1966381542  
-0.02535037588  
-0.04577832552  
-0.261286103  
-0.5457703742  
-0.7080025127  
-0.6115930687  
-0.2557618697  
0.2436231071  
0.7307392591  
1.06878336  
1.167985391  
1.009646288  
0.6580688545  
0.2297466895  
-0.1673412312  
-0.4697850197  
-0.643614636  
-0.6552081623  
-0.475781818  
-0.1165047279  
0.3408393625  
0.7472632991  
0.9414057069  
0.8363330469  
0.473257226  
-0.001982658394  
-0.4134734661  
-0.6309811034  
-0.6215537328  
-0.4550104279  
-0.246136292  
-0.07365893214  
0.05056214605  
0.1499735754  
0.2424734384  
0.324121606  
0.3692304398  
0.3467034834  
0.2575221899  
0.1531813879  
0.09207594444  
0.07658612483  
0.05013098092  
-0.04701661681  
-0.2266101078  
-0.4420459051  
-0.6168650648  
-0.6942005963  
-0.6740014342  
-0.6071125708  
-0.5460037173  
-0.4921244355  
-0.3918554112  
-0.1863723408  
0.1325896269  
0.4987506579  
0.7840538509  
0.8484467972  
0.616470359  
0.143914295  
-0.3753284931  
-0.6922633306  
-0.6433639268  
-0.2578270606  
0.2459631298  
0.5789273262  
0.5491677327  
0.1825133155  
-0.2862386109  
-0.5622106306  
-0.4842512385  
-0.1202302577  
0.3057111918  
0.5877415847  
0.668021276  
0.623893743  
0.5551148874  
0.4958459773  
0.4150089568  
0.2647160714  
0.02244636968  
-0.2812335132  
-0.5576594574  
-0.7054579391  
-0.6846507074  
-0.5419385014  
-0.3582126391  
-0.182102379  
-0.0172598273  
0.1419410183  
0.2754738247  
0.3408088272  
0.3127990263  
0.2154387639  
0.106824059  
0.03683941939  
0.015392329  
0.002423017941  
-0.07019440147  
-0.2404735626  
-0.4639260406  
-0.6223786926  
-0.5931906052  
-0.3263941551  
0.1190156089  
0.5958311342  
0.9316849082  
1.001604409  
0.7808251467  
0.3628743089  
-0.06933296513  
-0.3265883848  
-0.3207740951  
-0.1247218494  
0.07201770652  
0.09177607822  
-0.1089147729  
-0.4141565413  
-0.6359124415  
-0.6397450373  
-0.4148642064  
-0.05642695366  
0.3020674505  
0.5518623704  
0.6353921204  
0.5341183895  
0.2472331826  
-0.2002723131  
-0.7225468763  
-1.158125359  
-1.312950296  
-1.057158099  
-0.4303172609  
0.327451154  
0.8823615415  
1.003254823  
0.6978147885  
0.1862017843  
-0.2461680308  
-0.3985644976  
-0.2281110965  
0.1603524554  
0.5774351169  
0.8379029487  
0.8509006827  
0.6672078226  
0.4344459273  
0.275847976  
0.1937859346  
0.08878758672  
-0.1303881451  
-0.4563815765  
-0.7868076199  
-0.9992038276  
-1.025455232  
-0.8739260005  
-0.5973757218  
-0.249084538  
0.1234170091  
0.449257763  
0.6300107188  
0.5964836191  
0.3786480548  
0.1122631755  
-0.03530857947  
0.03198426724  
0.2786537734  
0.5577863052  
0.6934364008  
0.5752084805  
0.2151219737  
-0.2629938506  
-0.6860434065  
-0.8984545839  
-0.809058454  
-0.4246368846  
0.134460474  
0.6633200916  
0.9608106183  
0.9389169625  
0.6697050278  
0.3218809487  
0.035724213  
-0.1609745806  
-0.3308071271  
-0.5274757575  
-0.7232906973  
-0.8344749058  
-0.8016384123  
-0.6359806381  
-0.40215019  
-0.1713588336  
0.01294221141  
0.1337451836  
0.1745570999  
0.1126696993  
-0.04426029835  
-0.2228770217  
-0.3117966851  
-0.2370366905  
-0.01022333555  
0.2838917944  
0.5297508289  
0.6228500751  
0.5099614865  
0.2212944597  
-0.1298245665  
-0.3940796502  
-0.4660501179  
-0.3487897664  
-0.1420701648  
0.04714557028  
0.1872206214  
0.3192878379  
0.4847223327  
0.6609928613  
0.7641958202  
0.7083008639  
0.4662191771  
0.09537413378  
-0.2783039079  
-0.5155535705  
-0.534210906  
-0.3487577397  
-0.06054918199  
0.1831381833  
0.2500041547  
0.09245438598  
-0.2153094489  
-0.5105198693  
-0.6345887013  
-0.5303556226  
-0.2737380467  
-0.008178167735  
0.1623577082  
0.2244378581  
0.2245326091  
0.2186030903  
0.2476357067  
0.3243062744  
0.4193805956  
0.469922821  
0.4188821322  
0.254649422  
0.01531185851  
-0.2332712042  
-0.4126820349  
-0.4459212635  
-0.2997075426  
-0.03314185736  
0.2102041328  
0.2795990279  
0.1070550699  
-0.2480784847  
-0.6207123552  
-0.8250755359  
-0.7661190877  
-0.4967219388  
-0.1657476172  
0.09855351751  
0.2647607485  
0.3775068927  
0.4800566094  
0.5631595838  
0.5792863713  
0.4925178481  
0.3140699646  
0.1005928457  
-0.0762901331  
-0.1653758286  
-0.1547135565  
-0.06645074694  
0.06068595747  
0.1788125818  
0.2290363524  
0.161053494  
-0.02500881475  
-0.2651811831  
-0.4738516405  
-0.6006429942  
-0.6492984423  
-0.6539361813  
-0.6450696995  
-0.6300838598  
-0.5903983682  
-0.4918291577  
-0.3031445507  
-0.01535117412  
0.3382145302  
0.6672341403  
0.844604477  
0.7793843892  
0.5017610273  
0.1774433921  
0.01177345747  
0.1075574969  
0.3883023913  
0.6388888329  
0.6337307664  
0.2816623492  
-0.2990488656  
-0.833597475  
-1.040584557  
-0.7826416802  
-0.1410848407  
0.6124751228  
1.14363395  
1.234831011  
0.9104778306  
0.4071475171  
0.005823907115  
-0.1400548639  
-0.06371580947  
0.07807990246  
0.1276725576  
0.0338788463  
-0.1214370511  
-0.2016204464  
-0.1361896822  
0.02467060827  
0.1620621236  
0.1821661397  
0.070339926  
-0.1192268435  
-0.3142298913  
-0.4713956394  
-0.5816593203  
-0.6390919023  
-0.6248225989  
-0.5355786758  
-0.4178325452  
-0.3494753805  
-0.3742778062  
-0.4563985426  
-0.5023565636  
-0.4325905884  
-0.2453684324  
-0.01481281347  
0.1831494917  
0.3362754482  
0.4765503331  
0.6149288728  
0.7223758698  
0.7716292452  
0.7704746781  
0.7345385463  
0.6391155041  
0.4283474656  
0.08532648345  
-0.3172233654  
-0.6455132351  
-0.7809046134  
-0.6745701314  
-0.3640994553  
0.02819882126  
0.3304051996  
0.4092921548  
0.2584325068  
-0.001798917807  
-0.2191327259  
-0.3064388073  
-0.2603290929  
-0.1236281882  
0.03782781028  
0.1356731942  
0.08564264614  
-0.1321190129  
-0.4395732549  
-0.70322927  
-0.8226507234  
-0.7811813646  
-0.6162666494  
-0.3600499837  
-0.02018572699  
0.3974472387  
0.8625130339  
1.305853373  
1.617936079  
1.676106652  
1.411596453  
0.8803276911  
0.2649843217  
-0.2175203034  
-0.4356638733  
-0.4041737297  
-0.2602257718  
-0.1743516272  
-0.2406932031  
-0.420083586  
-0.5870488879  
-0.6422981174  
-0.5892141715  
-0.5085513691  
-0.464164852  
-0.4366150636  
-0.3481456684  
-0.1529646378  
0.09319152562  
0.2558883967  
0.2246251663  
0.002688921643  
-0.2888178013  
-0.4783426882  
-0.4307738032  
-0.1210822665  
0.3381595213  
0.7479609236  
0.9307957404  
0.8214345461  
0.4872972587  
0.08051675104  
-0.2417692166  
-0.3839084564  
-0.3363656227  
-0.1635432967  
0.02657985232  
0.1231801904  
0.05847126528  
-0.1538055419  
-0.4084133186  
-0.5523720915  
-0.4777226081  
-0.2015596962  
0.1373503553  
0.3666949761  
0.386473769  
0.2234382298  
0.00143936442  
-0.1545767828  
-0.2049204119  
-0.1934910521  
-0.170401151  
-0.133218573  
-0.04289877801  
0.1246944775  
0.347257683  
0.5505194835  
0.6222500228  
0.464244822  
0.07988110533  
-0.372229486  
-0.6373465249  
-0.5221665744  
-0.03497273423  
0.604251829  
1.091487657  
1.208681625  
0.9252760821  
0.387871785  
-0.1740529965  
-0.5686893756  
-0.7214644662  
-0.6713404617  
-0.5090703251  
-0.3183992934  
-0.1509076673  
-0.02351436743  
0.07373118683  
0.1523525671  
0.196604138  
0.1738843785  
0.08092450709  
-0.03429855344  
-0.1028681947  
-0.08503414194  
0.002382877386  
0.1005674256  
0.148755521  
0.1113635498  
-0.02119568504  
-0.2355978214  
-0.4864866696  
-0.6944687849  
-0.778026128  
-0.7010864599  
-0.4876639368  
-0.202870383  
0.05925636842  
0.192273006  
0.1379144594  
-0.0513366565  
-0.2320862848  
-0.2698924969  
-0.1355203275  
0.07384590908  
0.2033796622  
0.1553332337  
-0.03241373174  
-0.2103320535  
-0.232101759  
-0.06216921975  
0.2144140796  
0.4656479044  
0.5929867634  
0.572098373  
0.4455798597  
0.2822331241  
0.1434888832  
0.08061830294  
0.1309460567  
0.2826665336  
0.4438639616  
0.4738468137  
0.2762551542  
-0.1124974208  
-0.5167772524  
-0.7246190872  
-0.6355088473  
-0.3245686124  
0.03948023622  
0.331366768  
0.5235337285  
0.637761871  
0.684975187  
0.6589281014  
0.5645761992  
0.4356474801  
0.3236945953  
0.2636291302  
0.2384229778  
0.182900696  
0.04065376769  
-0.1760640276  
-0.3915300563  
-0.5345863058  
-0.5913607583  
-0.5908738687  
-0.5628547336  
-0.5232112898  
-0.4789644131  
-0.4276902538  
-0.3610787127  
-0.2736489262  
-0.1598408279  
-0.01610185974  
0.1343200184  
0.2346477584  
0.2393444292  
0.1599300223  
0.04773487551  
-0.06397456365  
-0.1839354545  
-0.3304942873  
-0.4884742241  
-0.5996101316  
-0.5914947293  
-0.4257994824  
-0.1381834422  
0.160376599  
0.3358910018  
0.311643508  
0.1204519846  
-0.1126675354  
-0.2504173961  
-0.2238466506  
-0.05084874578  
0.1955802795  
0.4177182474  
0.5180124707  
0.4375522176  
0.1915458717  
-0.1258237986  
-0.3732393661  
-0.4215723605  
-0.219103945  
0.1698746371  
0.5836057026  
0.8417941376  
0.839836694  
0.5918891175  
0.1988550282  
-0.2151154895  
-0.5395209182  
-0.6814240957  
-0.5763051313  
-0.2315442482  
0.2287055432  
0.5881129095  
0.6637226454  
0.4480922711  
0.1207067068  
-0.1005696373  
-0.1182112634  
0.02222887865  
0.2224138538  
0.4094797957  
0.5369681741  
0.5524619168  
0.4049239893  
0.1016528786  
-0.2503355888  
-0.4893061039  
-0.5160842935  
-0.3751218583  
-0.2120670477  
-0.150113093  
-0.2051982158  
-0.3023785158  
-0.3545575858  
-0.3247334079  
-0.2285767766  
-0.1012544713  
0.0246015909  
0.1238492722  
0.1831022366  
0.1982405056  
0.1639941041  
0.07758793191  
-0.04100582086  
-0.1392187379  
-0.1517924939  
-0.04422801431  
0.1479106694  
0.3205848896  
0.3578084095  
0.2124924872  
-0.04569404117  
-0.262661379  
-0.3085874294  
-0.1867425209  
-0.04462553671  
-0.06535196173  
-0.3246493456  
-0.7282997453  
-1.073573841  
-1.17846896  
-0.9775173396  
-0.5260794027  
0.05720040675  
