0.05026242399  
-0.09932667595  
-0.2310772084  
-0.3451161237  
-0.4681792681  
-0.6445049989  
-0.8991217566  
-1.19167061  
-1.40974202  
-1.431024772  
-1.21326508  
-0.831727603  
-0.4331828338  
-0.1511480233  
-0.03789903396  
-0.03745459777  
-0.01781292534  
0.1350309009  
0.4194921332  
0.7018039823  
0.8071757031  
0.6530049184  
0.3117842931  
-0.04488084079  
-0.2555425367  
-0.2434764025  
-0.0319363915  
0.284236619  
0.5883826529  
0.786866205  
0.8305959146  
0.7120488816  
0.4538448205  
0.1081329418  
-0.2421249951  
-0.5055800351  
-0.6246362762  
-0.6094031413  
-0.540298322  
-0.5227143036  
-0.6069869639  
-0.7373131773  
-0.7877372031  
-0.6656962626  
-0.3965486885  
-0.1156332091  
0.02726661586  
-0.02331368996  
-0.1877188889  
-0.3063155583  
-0.2473175212  
0.006560941591  
0.3410685409  
0.5734576652  
0.5671143195  
0.3204915046  
-0.0406409849  
-0.3510897673  
-0.4965978117  
-0.4524899622  
-0.2663953064  
-0.01734696951  
0.2121333568  
0.3519831486  
0.3733170612  
0.3207493933  
0.3010123284  
0.4089366165  
0.6472949121  
0.9184957086  
1.09202155  
1.080068153  
0.8718939324  
0.529105995  
0.1554264769  
-0.1491225699  
-0.3269426576  
-0.3717926611  
-0.313788764  
-0.2061354675  
-0.1181596351  
-0.1165520279  
-0.2376529871  
-0.471543828  
-0.7586244759  
-0.9955931313  
-1.064971957  
-0.8876642561  
-0.4721953679  
0.06835907877  
0.5545975268  
0.8273545128  
0.8267099418  
0.6095275248  
0.3048806395  
0.04043242797  
-0.1181953032  
-0.1783825454  
-0.1855220602  
-0.1793409482  
-0.1645982258  
-0.1055719726  
0.04377665012  
0.281602127  
0.5131659704  
0.5776291014  
0.3640696594  
-0.07162642507  
-0.5148886777  
-0.7337116135  
-0.6303735268  
-0.2870759462  
0.1090280344  
0.3944988287  
0.52553117  
0.5740237534  
0.6214743854  
0.6509822375  
0.5582702056  
0.2736258203  
-0.1410978834  
-0.5216298777  
-0.7191502562  
-0.6942222676  
-0.5195615852  
-0.3129578014  
-0.1682429655  
-0.1308835264  
-0.2050122221  
-0.3559930834  
-0.5124727325  
-0.5935782525  
-0.5500614842  
-0.3862609059  
-0.154642174  
0.07102620553  
0.2360131238  
0.3273749236  
0.355624043  
0.3273787422  
0.2493099501  
0.1489478966  
0.07174157858  
0.046630109  
0.05482840317  
0.03909552256  
-0.05026169314  
-0.2125772284  
-0.3875320973  
-0.47764105  
-0.3889494014  
-0.07888154506  
0.4073416476  
0.9381848568  
1.347422595  
1.510123977  
1.389388464  
1.026940341  
0.5072215635  
-0.06596537707  
-0.5825752843  
-0.9471325609  
-1.096311828  
-1.000929813  
-0.6749888366  
-0.1994375037  
0.283141097  
0.6264500817  
0.7469213239  
0.6462300481  
0.3866295732  
0.05595364711  
-0.2493519772  
-0.4359303399  
-0.4445751873  
-0.2929490222  
-0.08984270509  
0.0177750345  
-0.05388526501  
-0.2652218892  
-0.4950302479  
-0.6379641689  
-0.671557406  
-0.6517668245  
-0.6491715428  
-0.6787000384  
-0.6836194296  
-0.5865578487  
-0.359467152  
-0.05181034468  
0.2422394963  
0.447088836  
0.5490356593  
0.5858355518  
0.5966895637  
0.5854541552  
0.5298932822  
0.4177037299  
0.2692815564  
0.1283162301  
0.03335356409  
-0.004781431249  
-0.007628956499  
-0.01468110285  
-0.05224367486  
-0.1044171658  
-0.1180077321  
-0.04780752826  
0.0970281435  
0.254867613  
0.365086195  
0.4230399831  
0.4822049905  
0.5921041112  
0.7202980643  
0.7413360695  
0.5262383549  
0.06017347887  
-0.516809878  
-0.9762117127  
-1.12277983  
-0.8967711252  
-0.4074444964  
0.1144622252  
0.430559293  
0.4256068311  
0.172599854  
-0.1208561805  
-0.2470753719  
-0.1191455699  
0.1887764743  
0.4882340884  
0.5800711645  
0.3701068742  
-0.06070119522  
-0.4865398542  
-0.6688702614  
-0.5089839625  
-0.1106357038  
0.2921582515  
0.4826826559  
0.3750070107  
0.0307500005  
-0.3981165778  
-0.7481518609  
-0.9138297836  
-0.8809577525  
-0.7040412735  
-0.4511077094  
-0.1681508984  
0.1139382869  
0.3546897558  
0.5021331312  
0.5296181767  
0.4788859707  
0.4503763103  
0.5251417613  
0.6826647796  
0.8019973507  
0.7616291159  
0.5477440175  
0.2574972998  
-0.003155360205  
-0.2100313179  
-0.417334738  
-0.6863480332  
-1.012357297  
-1.303289314  
-1.426057103  
-1.281310848  
-0.8561708982  
-0.239139978  
0.4019070824  
0.8751588756  
1.034921827  
0.841859121  
0.3935875112  
-0.103536594  
-0.4371094708  
-0.5085679587  
-0.3690842382  
-0.1484171132  
0.04013446401  
0.1409976573  
0.1476133037  
0.08767823171  
0.0168470375  
-0.001157898646  
0.06855009756  
0.212436054  
0.3828955632  
0.5229301251  
0.5819946425  
0.5296832191  
0.3736337366  
0.1669502712  
-0.01602049594  
-0.1256687325  
-0.1570570009  
-0.1207708308  
-0.01293615911  
0.1660856786  
0.3748304441  
0.5343126274  
0.5689910071  
0.4436296627  
0.1819988753  
-0.1304450222  
-0.3703543732  
-0.426121176  
-0.2460716505  
0.1381385445  
0.6099423321  
0.9837887171  
1.05844104  
0.7154992444  
0.01211361256  
-0.8093592944  
-1.424052439  
-1.589604797  
-1.27083976  
-0.6479764029  
-0.02290947825  
0.3115060709  
0.1933963537  
-0.3286346714  
-1.001784384  
-1.482865395  
-1.516137094  
-1.068582235  
-0.3306619969  
0.4055122885  
0.8949630459  
1.03554787  
0.8870996204  
0.6201945102  
0.4176139901  
0.3801860982  
0.4984327316  
0.698202993  
0.8944013737  
1.000160394  
0.9282502488  
0.6368338921  
0.1808614431  
-0.3087776109  
-0.711301904  
-0.9793503594  
-1.122798825  
-1.148402514  
-1.030951964  
-0.7441193508  
-0.312064062  
0.1707200341  
0.5683706854  
0.7648661302  
0.7274492703  
0.5312552436  
0.3133895888  
0.1788017959  
0.1334202063  
0.1021248271  
0.006155486288  
-0.1741464005  
-0.3855164345  
-0.5254719175  
-0.4955275248  
-0.2699324617  
0.06603684081  
0.3540679022  
0.4645575067  
0.3803909455  
0.1883652498  
-0.004723682379  
-0.14488836  
-0.2315589774  
-0.2716100304  
-0.2606026089  
-0.2057617013  
-0.1300413873  
-0.03430232384  
0.1220448697  
0.373585094  
0.6752698441  
0.8891068465  
0.8665752499  
0.5674598112  
0.1116001677  
-0.2899785061  
-0.4785468914  
-0.4555825034  
-0.3687452946  
-0.3854345568  
-0.5557403897  
-0.7731895358  
-0.8537175975  
-0.6631223844  
-0.2125122979  
0.3274722577  
0.7174716284  
0.8090154138  
0.650915363  
0.4335594635  
0.3168638175  
0.3116346617  
0.311262171  
0.2061508746  
-0.03118949045  
-0.3309867003  
-0.5714102688  
-0.6573455069  
-0.5772846079  
-0.3911008331  
-0.1678287908  
0.06007112156  
0.2838273391  
0.4718197529  
0.5508129636  
0.4426473945  
0.1255668322  
-0.3317905077  
-0.7883847228  
-1.085904309  
-1.115287711  
-0.8727569685  
-0.4722254889  
-0.08593763518  
0.1603701169  
0.2590536915  
0.3031743634  
0.4030905187  
0.605760379  
0.8663007512  
1.078870281  
1.141074946  
1.010215948  
0.7195500453  
0.3564436101  
0.02931684145  
-0.1642607219  
-0.1761723594  
-0.0395511495  
0.1431331747  
0.262402838  
0.2665377025  
0.1729378972  
0.02730032109  
-0.1390012461  
-0.3198153396  
-0.5195159669  
-0.7345419361  
-0.9486211053  
-1.137931788  
-1.266476728  
-1.276265434  
-1.105631561  
-0.7395008637  
-0.24492251  
0.247000079  
0.6002060716  
0.7331964683  
0.6504739319  
0.43880141  
0.2296269387  
0.1350889703  
0.1805864273  
0.2805720686  
0.3054042963  
0.2082189988  
0.08362833631  
0.07871248325  
0.2432109845  
0.4774879167  
0.6301462783  
0.6366132432  
0.5528201374  
0.4643490728  
0.3836903226  
0.2410939966  
-0.03240340936  
-0.415684832  
-0.784601961  
-0.9888779504  
-0.9595888258  
-0.7555932447  
-0.502013505  
-0.282898479  
-0.09946043279  
0.07836001222  
0.2416064706  
0.3315177188  
0.2971657152  
0.1615810799  
0.02559421418  
0.003081765828  
0.1429447391  
0.3884954305  
0.6007631827  
0.6456344337  
0.4917217885  
0.2399501821  
0.05269353337  
0.03262606346  
0.1514736959  
0.2877130339  
0.329792735  
0.2504276238  
0.09935087562  
-0.06206008951  
-0.2124363027  
-0.3581065367  
-0.488294231  
-0.5664916274  
-0.5663875221  
-0.5060022592  
-0.4500483199  
-0.4751340232  
-0.6074736633  
-0.780518119  
-0.8689416073  
-0.7855730355  
-0.5548009214  
-0.2921116256  
-0.105004979  
0.0002364899653  
0.1265438082  
0.3990469576  
0.8494616151  
1.361775902  
1.718607717  
1.713506968  
1.265630846  
0.4816624234  
-0.3754428093  
-1.009203226  
-1.232714423  
-1.034773777  
-0.5407535376  
0.06505662896  
0.5911053441  
0.8760060417  
0.8356843122  
0.4940457835  
-0.02746983052  
-0.5488272904  
-0.8915570897  
-0.9533607576  
-0.7491293337  
-0.3832705806  
0.005413139774  
0.2822208589  
0.3585028684  
0.2429880514  
0.04908751548  
-0.06580238213  
0.01258615911  
0.2856040321  
0.6199481156  
0.806922757  
0.6933281243  
0.3001589081  
-0.1721195149  
-0.4749063169  
-0.4835082231  
-0.2703772386  
-0.0310900336  
0.05969913635  
-0.04656303141  
-0.259545029  
-0.417302024  
-0.3864256689  
-0.1451758769  
0.1946853471  
0.4538163156  
0.5035048758  
0.3415985122  
0.06941231897  
-0.1889039982  
-0.3506065933  
-0.3918502615  
-0.3297384978  
-0.1987533764  
-0.04650011017  
0.060463162  
0.04741786991  
-0.1315185345  
-0.4396415772  
-0.7286921969  
-0.7900007989  
-0.4746293409  
0.1955305764  
0.9938119976  
1.572397775  
1.656174863  
1.228792937  
0.5447411202  
-0.06301543989  
-0.4162255308  
-0.5618743449  
-0.6395000305  
-0.7063069259  
-0.6976660639  
-0.5257435531  
-0.1848959316  
0.2248378609  
0.5412354886  
0.6086281786  
0.3577252748  
-0.1246539888  
-0.5968927388  
-0.7795037164  
-0.5326934945  
0.04050978922  
0.6540185003  
1.013930639  
0.9762139486  
0.5887629991  
0.02264428791  
-0.5270834198  
-0.9038656481  
-1.019874021  
-0.8818842316  
-0.5948745419  
-0.3127929612  
-0.1575445954  
-0.1589793577  
-0.247495347  
-0.2997408997  
-0.2164421272  
0.01127185083  
0.2975048454  
0.524926206  
0.6193885936  
0.5810783479  
0.4678076146  
0.3525102063  
0.2784253041  
0.2349825273  
0.172107843  
0.04968144491  
-0.1177194884  
-0.2666477573  
-0.3341055157  
-0.2951830809  
-0.1579573278  
0.05727662601  
0.3215885445  
0.5880105622  
0.7874545725  
0.8420062948  
0.6992096622  
0.3711427573  
-0.05407385325  
-0.4500024212  
-0.7184745272  
-0.8263559628  
-0.7855775469  
-0.6216102  
-0.3761334284  
-0.1241798884  
0.04291069837  
0.07551934587  
0.009960852546  
-0.0582625759  
-0.05359278443  
0.02870118863  
0.1438581639  
0.2473445571  
0.306865917  
0.2781065376  
0.1066863873  
-0.2121174038  
-0.573010765  
-0.7836497283  
-0.6771812119  
-0.2291540075  
0.4176316966  
1.034450894  
1.417554083  
1.458682524  
1.168335182  
0.6588794807  
0.08424340306  
-0.4340964771  
-0.834223604  
-1.078846082  
-1.116207592  
-0.8987600685  
-0.4565165742  
0.05269013122  
0.4024203222  
0.4461252914  
0.2202062412  
-0.09595803825  
-0.3186701718  
-0.3789770498  
-0.3396980734  
-0.3089906542  
-0.3319328426  
-0.3630650198  
-0.3333036467  
-0.2205566347  
-0.05023811078  
0.1433104382  
0.3249619966  
0.4401387155  
0.4278384058  
0.2752668244  
0.05745046203  
-0.09252668879  
-0.07802509103  
0.07626562653  
0.2369354855  
0.2734785221  
0.1683207232  
0.02904643325  
-0.00369975026  
0.1185951427  
0.294465226  
0.3430187511  
0.1557512148  
-0.2024753112  
-0.5367828463  
-0.6645109925  
-0.5196691237  
-0.1494171082  
0.3432264016  
0.8372964991  
1.203220295  
1.317803323  
1.114911086  
0.6468832678  
0.08070517233  
-0.3933659853  
-0.6603410774  
-0.7085202036  
-0.6009954629  
-0.4423615941  
-0.3508095172  
-0.4176917175  
-0.656211669  
-0.9689170961  
-1.174672109  
-1.107520787  
-0.7294346061  
-0.1620292424  
0.3929245671  
0.7713803263  
0.9073548229  
0.8124593629  
0.532960967  
0.1435037758  
-0.2400192269  
-0.4834251781  
-0.4885348402  
-0.2301206227  
0.2344972567  
0.7695396818  
1.196282815  
1.370214266  
1.249124306  
0.8937417456  
0.4116880236  
-0.09797939051  
-0.5643483612  
-0.9339857532  
-1.155864003  
-1.183920666  
-1.000269303  
-0.6397459937  
-0.1895809166  
0.2391494949  
0.549431309  
0.6897072979  
0.6638294096  
0.5105115315  
0.2735296731  
-0.007074339902  
-0.2832907369  
-0.4915190852  
-0.5699902086  
-0.4990125263  
-0.3272510902  
-0.1400154419  
0.01536018132  
0.1656018471  
0.3602423646  
0.5895675933  
0.7676155722  
0.797002406  
0.6358988153  
0.3034222461  
-0.142109926  
-0.6012118122  
-0.9333242818  
-1.003856891  
-0.7636417901  
-0.3026997714  
0.1753676023  
0.4598895859  
0.4472602741  
0.1777719639  
-0.2137008611  
-0.5769337688  
-0.8049083642  
-0.8531930066  
-0.7294712279  
-0.480842031  
-0.1920994506  
0.02937423783  
0.1050494134  
0.03722538316  
-0.09874812846  
-0.2121883832  
-0.2361842104  
-0.1273805002  
0.1321021124  
0.5126343038  
0.927156022  
1.262402278  
1.436668071  
1.434411872  
1.285155419  
1.019093861  
0.656081977  
0.229654612  
-0.196659446  
-0.5435416447  
-0.7449638445  
-0.76589042  
-0.6070840131  
-0.314094848  
0.01668069567  
0.2628237889  
0.3328093621  
0.2193007952  
0.004469042161  
-0.1992337528  
-0.3283913957  
-0.3929016822  
-0.4300968467  
-0.4522721974  
-0.4425864559  
-0.3845683452  
-0.281894977  
-0.1599997296  
-0.0619996306  
-0.02937230275  
-0.06508606584  
-0.1151763862  
-0.09633800829  
0.04285649378  
0.266696475  
0.4579056759  
0.4995801288  
0.3619016334  
0.1114821637  
-0.1468266573  
-0.32535189  
-0.3722278879  
-0.271081691  
-0.0457404137  
0.2270206443  
0.4263964217  
0.4544172504  
0.3235176015  
0.159057493  
0.0866949864  
0.1166016113  
0.1451501445  
0.06303908317  
-0.1442013339  
-0.3929581972  
-0.5815719777  
-0.6655784056  
-0.6626240857  
-0.6041370674  
-0.4993079095  
-0.3466512271  
-0.1624392893  
0.02146675358  
0.1849455821  
0.3299806445  
0.4634772555  
0.5759944015  
0.6292965936  
0.5595352691  
0.3170668499  
-0.06968127584  
-0.4770504109  
-0.7506246754  
-0.7915737441  
-0.5930307786  
-0.2237099468  
0.1998865084  
0.5392947398  
0.6817712613  
0.6040244963  
0.3981733662  
0.2220751405  
0.1962420744  
0.3193008552  
0.4753070914  
0.5352370021  
0.4644338006  
0.3370816652  
0.2459009546  
0.1998866263  
0.116496889  
-0.09141390302  
-0.4291079966  
-0.8017719471  
-1.058881841  
-1.07204566  
-0.8189117386  
-0.422989214  
-0.08999492227  
0.03739299246  
-0.0197358095  
-0.1133780481  
-0.09757528547  
0.06510748949  
0.2908637557  
0.4462985761  
0.4395166393  
0.2715558114  
0.03291595679  
-0.1468278344  
-0.1759181958  
-0.05264915181  
0.1555253074  
0.3786733462  
0.5740176219  
0.6937833721  
0.6572777491  
0.3928389489  
-0.07143424382  
-0.5670942616  
-0.8608438715  
-0.792523766  
-0.3705467333  
0.228187986  
0.749879687  
0.9998978807  
0.9335508578  
0.6347239354  
0.2197943687  
-0.2324699752  
-0.6781615438  
-1.063902943  
-1.294375066  
-1.255011038  
-0.8920951119  
-0.2888284407  
0.335385462  
0.7191390395  
0.701709203  
0.3292500644  
-0.1596096908  
-0.4760412539  
-0.4537635524  
-0.1340125291  
0.2754323499  
0.5213728953  
0.4373733807  
0.02539372699  
-0.5557690203  
-1.081261002  
-1.357917221  
-1.275971612  
-0.8288939076  
-0.1224049467  
0.6510105652  
1.284177884  
1.630437449  
1.640701565  
1.363301107  
0.9187151125  
0.4581949832  
0.1197474331  
-0.009740379699  
0.07694192821  
0.2990898613  
0.5161706341  
0.5880117342  
0.4355926151  
0.07430262332  
-0.3911291871  
-0.8142373308  
-1.077606208  
-1.136623349  
-1.008941164  
-0.7421529939  
-0.3994151809  
-0.05454347973  
0.226054564  
0.4046846812  
0.4771535345  
0.461222399  
0.3766601509  
0.2249542099  
-0.009513772537  
-0.3168340345  
-0.6097662573  
-0.7405309785  
-0.608767131  
-0.2703150569  
0.0709089919  
0.2088565364  
0.1054514717  
-0.0787389391  
-0.136249413  
0.0003704680475  
0.2136178055  
0.3173300356  
0.2096793111  
-0.0612534872  
-0.3457277235  
-0.493965346  
-0.4387624016  
-0.223775641  
0.03130923634  
0.2157367011  
0.3069777422  
0.3756748795  
0.5081043668  
0.7127908711  
0.8927806936  
0.9105321986  
0.6927694017  
0.290801086  
-0.1458312563  
-0.4582662742  
-0.5648172564  
-0.4854174038  
-0.3007733513  
-0.09769636689  
0.06066328918  
0.1460641762  
0.1669050415  
0.1496587778  
0.1061408147  
0.02158562994  
-0.1215581446  
-0.3144220034  
-0.5192502257  
-0.6897658143  
-0.7904458808  
-0.801941929  
-0.7174799037  
-0.5385877567  
-0.2751678769  
0.04890418053  
0.3932630293  
0.7111471153  
0.9637026621  
1.120262977  
1.149381665  
1.02801022  
0.76571478  
0.4047354291  
-0.007524639506  
-0.4318828597  
-0.8232008108  
-1.119264713  
-1.2527479  
-1.175799501  
-0.8833292071  
-0.4252206329  
0.1047712169  
0.6006662227  
0.972909945  
1.156857828  
1.108460188  
0.8101785928  
0.2976849101  
-0.3168460004  
-0.8622790681  
-1.172052944  
-1.158265332  
-0.8512072078  
-0.37766518  
0.1082688573  
0.4870239853  
0.6886604439  
0.6829934313  
0.4846359508  
0.1708905652  
-0.1254522206  
-0.271467562  
-0.2096395875  
0.007552739095  
0.2578012412  
0.4317776208  
0.4932319535  
0.4769614539  
0.4320829851  
0.3608076742  
0.2154942805  
-0.0366497127  
-0.3446655941  
-0.5726678943  
-0.5820578646  
-0.3423560127  
0.02199005446  
0.3053983822  
0.3721468914  
0.2599586061  
0.137398719  
0.1490479605  
0.2935554294  
0.438473039  
0.436623899  
0.2363694829  
-0.0861586153  
-0.3806226397  
-0.5259097614  
-0.5169979178  
-0.4655669721  
-0.5101413262  
-0.7154706018  
-1.034401348  
-1.335309653  
-1.466300591  
-1.329194636  
-0.9289703057  
-0.3704454989  
0.1940444077  
0.6367827444  
0.9098649891  
1.052104241  
1.13974754  
1.21177002  
1.232397085  
1.134206628  
0.9036132519  
0.6126104333  
0.3576815983  
0.180864926  
0.06246674898  
-0.02847716764  
-0.1031361785  
-0.1620641858  
-0.2022642285  
-0.2102109238  
-0.1779393718  
-0.1407506426  
-0.172236555  
-0.3099672463  
-0.4843477147  
-0.5394213747  
-0.346567282  
0.07420772983  
0.5315792888  
0.7828057458  
0.7096545891  
0.3941517431  
0.03232507063  
-0.219748147  
-0.3290183959  
-0.3598739208  
-0.4066418189  
-0.5351218107  
-0.7343187415  
-0.9069541163  
-0.938697156  
-0.7988943369  
-0.5671209279  
-0.3578090252  
-0.2242559809  
-0.1311173952  
-0.009573646614  
0.1649979605  
0.345036596  
0.4494136727  
0.4324167401  
0.3318227215  
0.2505548377  
0.2754842684  
0.4094341882  
0.5818719042  
0.7115340189  
0.7530717581  
0.7051477347  
0.598391989  
0.4732289985  
0.3447778696  
0.1756950017  
-0.1004258186  
-0.501851209  
-0.9314797645  
-1.192668786  
-1.096241579  
-0.5904930896  
0.1774876119  
0.9199032894  
1.3568164  
1.359492569  
0.9979503497  
0.4738903283  
-0.006531680037  
-0.3368289355  
-0.5325172742  
-0.6705811841  
-0.7974658206  
-0.8746459208  
-0.8040840962  
-0.5224803361  
-0.09853373583  
0.2632348738  
0.355692795  
0.1403782308  
-0.2151934108  
-0.4809588704  
-0.548391176  
-0.4866609985  
-0.4397533381  
-0.4750285731  
-0.5221314941  
-0.4495816984  
-0.1924983956  
0.1919748384  
0.5659789752  
0.78866666  
0.785038294  
0.5863198639  
0.3203250629  
0.1469149399  
0.1692455888  
0.3732068704  
0.6325279485  
0.7751790296  
0.6776837166  
0.3445422229  
-0.07200519796  
-0.3395331859  
-0.284977761  
0.07297979564  
0.5111816498  
0.7411322417  
0.5944813207  
0.1171920978  
-0.4753380015  
-0.9328593987  
-1.101231284  
-0.9748499482  
-0.667166743  
-0.3480352408  
-0.1739484124  
-0.212524897  
-0.4038015121  
-0.6099812194  
-0.7131699783  
-0.6678154567  
-0.4835549376  
-0.182204856  
0.2247229672  
0.7124649002  
1.194476315  
1.514928599  
1.518983861  
1.158052868  
0.5441608828  
-0.09919667955  
-0.5563464391  
-0.7219819353  
-0.6338312068  
-0.4374155727  
-0.3002658736  
-0.3089222364  
-0.4149698976  
-0.4808133991  
-0.3902331281  
-0.1274973488  
0.2264690541  
0.5506758258  
0.7443013514  
0.7647681388  
0.6359957818  
0.429425151  
0.2213202127  
0.04163528206  
-0.1388917505  
-0.3518793146  
-0.5586593755  
-0.6560216538  
-0.5657873281  
-0.3139297529  
-0.02864894878  
0.1329563107  
0.08183947073  
-0.1430349609  
-0.395567012  
-0.5037238051  
-0.350763082  
0.07369440363  
0.6535265964  
1.175142063  
1.422512867  
1.293714618  
0.8524253048  
0.2755685619  
-0.2569157804  
-0.6474142593  
-0.8894988034  
-1.017234398  
-1.050961094  
-0.9737504009  
-0.7502166088  
-0.3868515712  
0.01821669198  
0.3057130527  
0.3536637119  
0.163552538  
-0.124584933  
-0.3046804226  
-0.2376650507  
0.04899129763  
0.3892561733  
0.6039133711  
0.6028059273  
0.4063536954  
0.1157538681  
-0.1393587847  
-0.2676997107  
-0.2701276971  
-0.2317275111  
-0.2354671173  
-0.2664218501  
-0.219459741  
-0.0232098977  
0.2573585775  
0.4673085053  
0.5106076783  
0.4353718154  
0.3650077377  
0.3591848899  
0.3579011446  
0.2554696091  
0.008161208144  
-0.3299951836  
-0.6446385911  
-0.8137907022  
-0.7528403148  
-0.4635510174  
-0.06649140527  
0.2425122335  
0.3200550402  
0.1916718413  
0.04014719071  
0.05537358823  
0.2742629879  
0.5568631645  
0.7095109544  
0.6290854697  
0.350657521  
-0.002124112789  
-0.2923111531  
-0.4256242718  
-0.3830954673  
-0.2282778861  
-0.07389292245  
-0.006474476653  
-0.02253043762  
-0.04733773724  
-0.01753313151  
0.07181282414  
0.1914789098  
0.3083889971  
0.3811052542  
0.3627275745  
0.2396705817  
0.05875907104  
-0.1037131399  
-0.2013321962  
-0.2425136188  
-0.2660255819  
-0.3057684209  
-0.3771721405  
-0.4765788838  
-0.5732037035  
-0.603291049  
-0.4978640355  
-0.2411560823  
0.09370460927  
0.3740726066  
0.4886036824  
0.4228646002  
0.2621950883  
0.107487439  
-0.01463124311  
-0.1521042932  
-0.3461440975  
-0.5614293673  
-0.6961457793  
-0.6615468725  
-0.4615818367  
-0.1950947454  
0.03056614646  
0.1912179143  
