0.1037188894  
1.172492647  
1.897145253  
2.036978511  
1.555364603  
0.6715380849  
-0.2103185538  
-0.6952948609  
-0.5958684118  
-0.007388347829  
0.7682435811  
1.38935871  
1.630243231  
1.450683343  
0.9807393746  
0.4605850264  
0.1459613284  
0.1822204911  
0.5062451567  
0.866265181  
0.9749868976  
0.6911793489  
0.09522807874  
-0.5770978071  
-1.066645151  
-1.20091885  
-0.9501441155  
-0.4290253497  
0.1548199337  
0.5939464037  
0.7762214442  
0.7219371178  
0.5314118137  
0.2866044227  
-0.007096172759  
-0.3895061102  
-0.8567183855  
-1.307477289  
-1.59013476  
-1.606252856  
-1.36366872  
-0.9422645723  
-0.4381583331  
0.05474613778  
0.4399719616  
0.6232071006  
0.5360208791  
0.1759806264  
-0.3601427828  
-0.8906256325  
-1.217259546  
-1.20624165  
-0.8423447013  
-0.2459396737  
0.3618042334  
0.7640788081  
0.8785047248  
0.8019053826  
0.7207668149  
0.7682048413  
0.9367377591  
1.082175366  
1.00431658  
0.5801667224  
-0.1158067231  
-0.8104848994  
-1.187199222  
-1.08325734  
-0.5629005468  
0.1767897049  
0.9459642867  
1.605900475  
2.013764686  
1.993283051  
1.417368043  
0.3451806582  
-0.9190823215  
-1.926713617  
-2.307055019  
-1.971424226  
-1.156013242  
-0.2809429892  
0.272390946  
0.3341008401  
-0.01322081137  
-0.5216990118  
-0.9183835111  
-1.015999958  
-0.758458119  
-0.2150127301  
0.4538800956  
1.055312424  
1.434767917  
1.525412043  
1.359904258  
1.048008411  
0.7218529726  
0.4723292769  
0.3185833297  
0.2233770639  
0.1345824975  
0.02768365839  
-0.07882481074  
-0.154270614  
-0.2094504843  
-0.3115759197  
-0.5269486347  
-0.8413027597  
-1.145587868  
-1.307428246  
-1.256923093  
-1.012052628  
-0.6436968821  
-0.2280928645  
0.1813606611  
0.5536982364  
0.8554242231  
1.027842387  
0.9981385381  
0.7273172714  
0.2635611572  
-0.2512746297  
-0.6509366466  
-0.8411616948  
-0.8308438587  
-0.6786476504  
-0.439216632  
-0.1706388274  
0.04878226764  
0.1604772819  
0.1829581079  
0.2012130188  
0.2834930832  
0.4076007282  
0.4680397611  
0.3568097171  
0.05550491339  
-0.3232450111  
-0.5794100574  
-0.542233575  
-0.1886967274  
0.3261591414  
0.7562964418  
0.9065396964  
0.734281902  
0.3612746879  
-0.002611749978  
-0.1920233012  
-0.1953587557  
-0.1392228885  
-0.1477525648  
-0.2168226966  
-0.227479461  
-0.06573593389  
0.2757975467  
0.6872745714  
1.007482619  
1.112646167  
0.97404528  
0.6557252995  
0.2691520388  
-0.07693406912  
-0.3132890089  
-0.4266656356  
-0.4413877107  
-0.3782393302  
-0.2422464342  
-0.05632346013  
0.1105966213  
0.1647278394  
0.04510601113  
-0.2243879689  
-0.5303257836  
-0.7221460497  
-0.6910488164  
-0.4432184771  
-0.1318318838  
0.007958538804  
-0.1806331809  
-0.6406177597  
-1.126149297  
-1.375978353  
-1.274032443  
-0.8748630517  
-0.3353569744  
0.1588500067  
0.4648312806  
0.5529782862  
0.5137512592  
0.4709410647  
0.4837035552  
0.5334685911  
0.5831485236  
0.6214112675  
0.652398626  
0.6665976914  
0.6320273207  
0.5138280035  
0.3106298058  
0.07196693454  
-0.1341384419  
-0.273685258  
-0.3581687669  
-0.4098529575  
-0.4353383898  
-0.4360525555  
-0.4248093927  
-0.4207357061  
-0.4339622119  
-0.4523571698  
-0.4280587515  
-0.2810910472  
0.05047681652  
0.5358461978  
1.024010299  
1.302173706  
1.214469766  
0.7735869046  
0.1791236329  
-0.2921217284  
-0.4523906441  
-0.3097191149  
-0.04706806746  
0.1118613429  
0.06060379081  
-0.1218912564  
-0.2472173921  
-0.1773007443  
0.07160108631  
0.3659627148  
0.5698934849  
0.611086227  
0.4620929744  
0.1151141378  
-0.3800508713  
-0.8654715275  
-1.123023857  
-1.016677396  
-0.5868573492  
-0.00609300577  
0.5308194185  
0.8689193119  
0.9024137148  
0.6013300376  
0.06528797077  
-0.4790568308  
-0.7900725073  
-0.7587019139  
-0.4691519665  
-0.1327068473  
0.04625786749  
-0.0193862191  
-0.2700132511  
-0.5452868394  
-0.6709128698  
-0.5494821582  
-0.2004396502  
0.2820874208  
0.7973780858  
1.257957534  
1.56938522  
1.628043184  
1.36370505  
0.7941642553  
0.03094684985  
-0.7738296897  
-1.477612663  
-1.956151123  
-2.106311829  
-1.871945043  
-1.268808668  
-0.3927913668  
0.5763453085  
1.391311725  
1.811897454  
1.723855147  
1.217983458  
0.5480314548  
-0.02387928476  
-0.3777186708  
-0.556088133  
-0.6596020891  
-0.7479986399  
-0.8344247236  
-0.9199676424  
-0.9862842367  
-0.9671697263  
-0.7708383065  
-0.3480784681  
0.2554884451  
0.8900124547  
1.342222406  
1.435228608  
1.137769654  
0.5883721265  
0.006497963401  
-0.4349867809  
-0.6779161137  
-0.7481475793  
-0.6739240796  
-0.4471837318  
-0.07116169634  
0.3674824241  
0.7029731108  
0.7892918493  
0.6064955933  
0.285024999  
0.03036636087  
-0.002563932842  
0.2066531754  
0.5620754216  
0.9263124299  
1.168760963  
1.184133085  
0.9272018075  
0.4530420353  
-0.0904128795  
-0.5308257668  
-0.7578484789  
-0.763520803  
-0.6094491656  
-0.3711235891  
-0.1286225825  
0.006747316379  
-0.09309555987  
-0.485580478  
-1.066264273  
-1.574205235  
-1.722142096  
-1.372615055  
-0.6263333523  
0.2436225625  
0.9346037132  
1.222985727  
1.033455493  
0.4940109087  
-0.08374608998  
-0.3513697066  
-0.1258018139  
0.4901779037  
1.154970149  
1.478925833  
1.239766562  
0.4917742721  
-0.4807474945  
-1.317443771  
-1.749315008  
-1.696060223  
-1.261561755  
-0.6566224833  
-0.098505895  
0.2752412476  
0.4451919107  
0.4800328662  
0.4586734046  
0.400012623  
0.2554817648  
-0.02034877317  
-0.3768257892  
-0.6518805093  
-0.6734181524  
-0.3944178523  
0.05685023274  
0.4486880087  
0.5869444438  
0.433440978  
0.1185957273  
-0.1660372086  
-0.3063380158  
-0.312677754  
-0.2447632732  
-0.1132704209  
0.1207180476  
0.4485591382  
0.7479025472  
0.8508686059  
0.691828624  
0.3800371289  
0.120556617  
0.06621194079  
0.2362936282  
0.5436202928  
0.8663396206  
1.095569327  
1.152606249  
1.002251058  
0.664164137  
0.2079823869  
-0.2675766288  
-0.667336332  
-0.9344087751  
-1.062965097  
-1.081094016  
-1.024788258  
-0.9209718517  
-0.779574998  
-0.5947893259  
-0.3616148952  
-0.1013373253  
0.1284016949  
0.2593596899  
0.2611776474  
0.1697990681  
0.07447847457  
0.07954038566  
0.2529337972  
0.5697438711  
0.8911727468  
1.02500201  
0.8449944879  
0.3729400039  
-0.2464622988  
-0.8415789477  
-1.291721324  
-1.546721505  
-1.60769035  
-1.495569492  
-1.227407875  
-0.8231523914  
-0.3403802078  
0.1086845528  
0.3951533572  
0.4441634825  
0.2813963286  
0.02175903565  
-0.186766542  
-0.2233244458  
-0.03124975924  
0.3625916768  
0.8463473607  
1.267933203  
1.520239359  
1.592385076  
1.533113773  
1.373335386  
1.097464644  
0.6875484535  
0.1838712013  
-0.3039963988  
-0.6527228666  
-0.8013434333  
-0.7741806695  
-0.633845837  
-0.4332426976  
-0.2215843759  
-0.06982320864  
-0.06005352734  
-0.2418837894  
-0.5873925995  
-0.965765841  
-1.174271213  
-1.05602966  
-0.6334469315  
-0.1125711141  
0.2708738014  
0.414380953  
0.3780707877  
0.2974540478  
0.279638468  
0.3446725615  
0.4298543883  
0.4494808849  
0.3643108753  
0.2032933644  
0.02613810928  
-0.1254336314  
-0.2318038911  
-0.258849774  
-0.1457573542  
0.1432513176  
0.5486201238  
0.9021953366  
1.002450517  
0.7460716863  
0.2236672969  
-0.3125203516  
-0.5992780742  
-0.5219829722  
-0.1773096311  
0.1962182149  
0.3754840015  
0.2879245753  
0.02266756133  
-0.2759490654  
-0.521144172  
-0.7033461888  
-0.8245079948  
-0.8396040124  
-0.6796703289  
-0.3402242993  
0.05696578765  
0.3099702734  
0.271425163  
-0.03357211176  
-0.4014844909  
-0.5778366352  
-0.4411926514  
-0.09261699221  
0.236717318  
0.3695356622  
0.292756865  
0.1333002116  
0.05489161719  
0.1545160648  
0.4127011317  
0.7125987873  
0.9075238258  
0.9010119063  
0.6938299697  
0.3683592311  
0.03477643065  
-0.2126214024  
-0.3202380135  
-0.2979074136  
-0.2234652356  
-0.1986844083  
-0.2753218999  
-0.4135626923  
-0.5175160211  
-0.5244420655  
-0.4586546525  
-0.391271394  
-0.360406861  
-0.3396743869  
-0.2656125683  
-0.08721037714  
0.1909897027  
0.4988481613  
0.7306260392  
0.7841334615  
0.5939103514  
0.1760410696  
-0.3390005158  
-0.7475111253  
-0.8813521354  
-0.6937348887  
-0.2545733281  
0.3152273837  
0.8903884137  
1.342658418  
1.54745392  
1.428882241  
1.001180399  
0.3593992319  
-0.3603806832  
-1.010084583  
-1.454242382  
-1.606249549  
-1.454915828  
-1.065666862  
-0.5668066016  
-0.1137510517  
0.1767858122  
0.2846969604  
0.2911002321  
0.3261484314  
0.4859733055  
0.7645155914  
1.05056713  
1.196848922  
1.112085578  
0.8109788427  
0.390594604  
-0.03480647422  
-0.3819065016  
-0.6144115928  
-0.7437616693  
-0.8071818446  
-0.8182893677  
-0.7368671188  
-0.5092136449  
-0.1529717895  
0.2059122012  
0.4007082815  
0.3496270274  
0.1277069323  
-0.09063692932  
-0.1724303169  
-0.1183332552  
-0.03012935755  
-0.00678328742  
-0.07575254825  
-0.2064564886  
-0.3618553412  
-0.5174590282  
-0.635237925  
-0.6480039469  
-0.497315794  
-0.1863165915  
0.2216095817  
0.6508378313  
1.03551333  
1.298406504  
1.351748523  
1.152140847  
0.7453204148  
0.2337264381  
-0.2965637648  
-0.7940339479  
-1.190090173  
-1.367360287  
-1.213705231  
-0.7185554692  
-0.01840822563  
0.6522211674  
1.064128192  
1.079945198  
0.7018841643  
0.09327235494  
-0.4555464789  
-0.6546798086  
-0.3796690761  
0.2491450046  
0.9340051898  
1.359467871  
1.336116102  
0.8540974877  
0.05513663697  
-0.8169326131  
-1.470756729  
-1.670252356  
-1.373138589  
-0.7894347851  
-0.2720029729  
-0.09893447133  
-0.3030355148  
-0.6667245182  
-0.8811456731  
-0.7537713076  
-0.3211264139  
0.2016171278  
0.583924756  
0.7258619651  
0.6841902833  
0.586802192  
0.5238955926  
0.4987729021  
0.4583415356  
0.3576874672  
0.2031635324  
0.05514631903  
-0.00451325056  
0.07479228152  
0.2719317015  
0.4962134169  
0.6334389085  
0.6100142718  
0.4348229095  
0.1883568301  
-0.0313054236  
-0.1633540362  
-0.2013475064  
-0.171585595  
-0.1110353674  
-0.06815883586  
-0.09994675107  
-0.2364931537  
-0.4360540098  
-0.5882076429  
-0.5854401358  
-0.400574239  
-0.09253216218  
0.2489463105  
0.5480672783  
0.7490979676  
0.8134079289  
0.7304311002  
0.5255849858  
0.2396657817  
-0.103293756  
-0.4908103192  
-0.8752261069  
-1.147930536  
-1.182127393  
-0.9158043769  
-0.4073286159  
0.1774322493  
0.6372938697  
0.8276351359  
0.725239983  
0.4271936374  
0.08165271387  
-0.2038410554  
-0.4151155797  
-0.6053002256  
-0.8043721495  
-0.9459338265  
-0.8976434944  
-0.5841502064  
-0.08175804176  
0.4182670401  
0.7375156697  
0.8002684646  
0.6317638556  
0.3168131927  
-0.03804638942  
-0.3439555633  
-0.560863999  
-0.6920040639  
-0.7518954658  
-0.7448478054  
-0.6585341273  
-0.4605183722  
-0.1186886525  
0.3440458907  
0.8175348344  
1.148818719  
1.231276577  
1.062312754  
0.7345545013  
0.381383076  
0.1114283209  
-0.03858420055  
-0.1025458372  
-0.1349520507  
-0.1608719642  
-0.1706642646  
-0.1502712492  
-0.103899637  
-0.04635283141  
0.01853560601  
0.1074012989  
0.2434047763  
0.4270137284  
0.6178766807  
0.7488082159  
0.7632281248  
0.6458417035  
0.424411492  
0.1526445899  
-0.1050392873  
-0.2959441009  
-0.4185514061  
-0.5416914503  
-0.7594272555  
-1.1005971  
-1.469567905  
-1.680787183  
-1.578653578  
-1.16028887  
-0.5876790314  
-0.05163253016  
0.3895281423  
0.823154493  
1.328441559  
1.819392319  
2.056736595  
1.830400315  
1.144924965  
0.2496896606  
-0.4970085192  
-0.8280069818  
-0.7083852054  
-0.3298110056  
0.03926219933  
0.2279950745  
0.2258710189  
0.1272110903  
0.05332316762  
0.1001138116  
0.2899024664  
0.529519552  
0.6222666477  
0.3686970235  
-0.2798812416  
-1.129616051  
-1.81696835  
-2.019673926  
-1.657249049  
-0.9336102086  
-0.1844745609  
0.3560876502  
0.6717120001  
0.8689972758  
0.9974069882  
0.9839391609  
0.7298451118  
0.2475455908  
-0.2913387339  
-0.6327884186  
-0.5980334799  
-0.2224517529  
0.2411408229  
0.4847406734  
0.3540960676  
-0.05889920518  
-0.4959388108  
-0.7071075119  
-0.594942498  
-0.2471497107  
0.1348267189  
0.3496137848  
0.2956489268  
0.01944723739  
-0.3108983789  
-0.4953556094  
-0.4091878151  
-0.07519485139  
0.3466515502  
0.6600440625  
0.7511142443  
0.6287760743  
0.3743486723  
0.06990127058  
-0.2392206273  
-0.5408689032  
-0.8221916159  
-1.031621906  
-1.08572131  
-0.9391311716  
-0.6517716083  
-0.3678825266  
-0.214626274  
-0.2086463946  
-0.2420448288  
-0.1578833178  
0.1383837538  
0.6184990116  
1.158083398  
1.608610939  
1.862115467  
1.878648943  
1.666559747  
1.247253444  
0.6553256158  
-0.02658459889  
-0.653496351  
-1.058221303  
-1.120161242  
-0.8199754622  
-0.2559429203  
0.3916649572  
0.9371818724  
1.254366019  
1.288909264  
1.042196893  
0.5691642441  
-0.01319216785  
-0.5428844521  
-0.8693924629  
-0.9225520988  
-0.7497196875  
-0.4916435615  
-0.3050898294  
-0.2809094712  
-0.4148844635  
-0.6416972153  
-0.880922964  
-1.049913812  
-1.064734002  
-0.8733523002  
-0.5096523983  
-0.1064090781  
0.1694531808  
0.2195318726  
0.0654394907  
-0.1926853272  
-0.4495446798  
-0.6212088422  
-0.6335068287  
-0.4358273279  
-0.05426218662  
0.3794816955  
0.686001505  
0.759624426  
0.6505395323  
0.5205185055  
0.5047400354  
0.6125129933  
0.7473365024  
0.796890155  
0.7018914841  
0.4686975243  
0.1494581667  
-0.1799298232  
-0.4400929996  
-0.5686604502  
-0.5334645217  
-0.3397510516  
-0.0355957667  
0.2951310849  
0.560887556  
0.7058224501  
0.7471279683  
0.7565400385  
0.7611319708  
0.6589844884  
0.2835003027  
-0.417853043  
-1.278160241  
-1.98645801  
-2.26333933  
-1.996916722  
-1.281963936  
-0.3752378961  
0.4152631271  
0.8715765057  
0.960194314  
0.8155204234  
0.6286569068  
0.5243955335  
0.5056611704  
0.4896921954  
0.3975346277  
0.225413531  
0.05021451976  
-0.0216343854  
0.07685697089  
0.3174267789  
0.5636701326  
0.6348893467  
0.4339657996  
0.04256138714  
-0.3222618605  
-0.4794102053  
-0.4326305778  
-0.3463899855  
-0.3768216663  
-0.5392855395  
-0.7246661501  
-0.80541166  
-0.7203201131  
-0.4891261138  
-0.1723917237  
0.176216517  
0.5206814323  
0.8138793409  
0.9771058228  
0.9316308256  
0.6596376526  
0.2346437738  
-0.1974741522  
-0.4733986074  
-0.4981964473  
-0.3217860733  
-0.1197125273  
-0.06440820241  
-0.1989773647  
-0.416555568  
-0.5343788824  
-0.4019538483  
0.003026488358  
0.5390961127  
0.9608965621  
1.051043332  
0.7431396792  
0.151958178  
-0.5011218726  
-0.9976528397  
-1.202364028  
-1.102274182  
-0.800512645  
-0.4559753962  
-0.198441551  
-0.07916371145  
-0.07928036524  
-0.1418065368  
-0.1931000193  
-0.1524581571  
0.06039204649  
0.4996291916  
1.125365615  
1.737070156  
2.018158175  
1.718161177  
0.8387591287  
-0.3385685767  
-1.404755283  
-2.024537952  
-2.048541934  
-1.518709267  
-0.6324767029  
0.3130472529  
1.025491674  
1.344073225  
1.300089355  
1.064163777  
0.8245415986  
0.6823607556  
0.6242279286  
0.5747582421  
0.4782450839  
0.3388208986  
0.1888254158  
0.03221058437  
-0.1632405464  
-0.4155030852  
-0.685974983  
-0.8994865994  
-1.000506116  
-0.9792758657  
-0.8505893703  
-0.6316886686  
-0.3549639055  
-0.08619087555  
0.09837322699  
0.1630205926  
0.1381821352  
0.09913834826  
0.1153214503  
0.1962735885  
0.2648135516  
0.189567569  
-0.1212596453  
-0.6216658696  
-1.108395622  
-1.322395899  
-1.125510732  
-0.6149452933  
-0.05181552345  
0.3439240783  
0.5333816941  
0.6166350367  
0.6862603316  
0.7313412759  
0.6656581092  
0.4263443155  
0.04445214785  
-0.3525539411  
-0.5956905372  
-0.5726869444  
-0.3140212538  
0.02801270588  
0.3093027668  
0.5058596234  
0.7038042658  
0.9895802173  
1.337964325  
1.589653986  
1.546775734  
1.120673248  
0.417071744  
-0.3051442617  
-0.7671264162  
-0.8106224338  
-0.4783351486  
-0.003170299163  
0.2982572955  
0.1968371308  
-0.3057154574  
-0.9754390905  
-1.502417308  
-1.690104348  
-1.532960183  
-1.156708722  
-0.7133501382  
-0.3187764051  
-0.03718567115  
0.1161777719  
0.1597916132  
0.1284197528  
0.07259896605  
0.06372039889  
0.1799602554  
0.4718084596  
0.9163291504  
1.385143109  
1.680892851  
1.654284957  
1.311972351  
0.8063775718  
0.3083288451  
-0.1112014402  
-0.4768505058  
-0.8154910855  
-1.08832169  
-1.196205068  
-1.034980874  
-0.5712855543  
0.09880746653  
0.7561973698  
1.1431842  
1.083068812  
0.5689111835  
-0.2257616961  
-1.025460844  
-1.590364264  
-1.829692214  
-1.796773557  
-1.58240906  
-1.240986694  
-0.8168299607  
-0.3842294743  
-0.01667290822  
0.2684013576  
0.5016308329  
0.6983182921  
0.8222325555  
0.8172266053  
0.6706178782  
0.4522093957  
0.2942455379  
0.3139958057  
0.5286612577  
0.8331327747  
1.066471987  
1.112965184  
0.9566348526  
0.6674175616  
0.3523176985  
0.1000281396  
-0.0582189269  
-0.1442669527  
-0.1892628831  
-0.1942326902  
-0.128085505  
0.04447934971  
0.3256483015  
0.6519726414  
0.8914876864  
0.8950248438  
0.5841917009  
0.01583769648  
-0.6306720586  
-1.139418552  
-1.356377826  
-1.252857667  
-0.9468833285  
-0.656599285  
-0.5677823775  
-0.7045340029  
-0.9304674381  
-1.077366725  
-1.069022672  
-0.9315267928  
-0.7133662356  
-0.4319930231  
-0.1067718372  
0.1970055477  
0.4104992171  
0.5561651289  
0.7593096238  
1.128564483  
1.62292645  
2.039839954  
2.133689562  
1.774758116  
1.044066764  
0.2008380201  
-0.4576918556  
-0.7486357203  
-0.6763534819  
-0.4017282763  
-0.1419106742  
-0.05911401109  
-0.1929790676  
-0.4631911351  
-0.734864201  
-0.904226787  
-0.9391851064  
-0.8492642867  
-0.6411157891  
-0.3227452437  
0.05899080679  
0.4060651864  
0.603507665  
0.5782926793  
0.3530778262  
0.05928116031  
-0.1278294808  
-0.1175738918  
0.00448416521  
0.02753515928  
-0.214191883  
-0.6985307749  
-1.210746282  
-1.466864835  
-1.285184145  
-0.7046866527  
0.03827376257  
0.6658976034  
1.015713723  
1.081685561  
0.9561324892  
0.7521283985  
0.5506823811  
0.3886180864  
0.2847311897  
0.2644578895  
0.3391352097  
0.4604174533  
0.5285829422  
0.4761891492  
0.3331873658  
0.1870755013  
0.07867937845  
-0.05125014898  
-0.3020067127  
-0.6954399872  
-1.120090778  
-1.388364425  
-1.344622477  
-0.937962691  
-0.2364591192  
0.5964324922  
1.350169718  
1.829380737  
1.914571413  
1.610997012  
1.058363657  
0.4683705999  
0.01336079339  
-0.2586778296  
-0.423556804  
-0.5914903973  
-0.7891227078  
-0.912091273  
-0.8049881895  
-0.4131397346  
0.1301862494  
0.5721431063  
0.7036545685  
0.467445882  
-0.05405222956  
-0.7062535321  
-1.31054982  
-1.688944282  
-1.702040531  
-1.317294754  
-0.6652988498  
-0.0071560766  
0.4006694895  
0.4460660672  
0.2002744975  
-0.1393377986  
-0.3398381333  
-0.2369307743  
0.1647341403  
0.6720741556  
1.014432889  
1.011980578  
0.6744626992  
0.1761828705  
-0.2485391046  
-0.4085548424  
-0.2146363492  
0.2863546789  
0.8932624018  
1.307904504  
1.293356711  
0.8269891245  
0.116559825  
-0.5309955842  
-0.8899177578  
-0.9252254676  
-0.7623302892  
-0.5581010398  
-0.3983566745  
-0.2970918471  
-0.2474186945  
-0.2422573146  
-0.2616788821  
-0.2703678997  
-0.2355681055  
-0.1390476081  
0.03471067412  
0.3068463117  
0.6683760288  
1.02684017  
1.217937061  
1.106624625  
0.6942473382  
0.128249308  
-0.3938058084  
-0.7315142011  
-0.8327865424  
-0.7035248622  
-0.3894323921  
0.01001018006  
0.3444499734  
0.4694454949  
0.3288429181  
-0.003677986286  
-0.3575993368  
-0.5464016026  
-0.4552379225  
-0.1069434024  
0.3317584495  
0.6312362599  
0.6288992654  
0.3222541137  
-0.1303292894  
-0.4947513496  
-0.5869575367  
-0.3744193558  
0.009990448555  
0.3575322623  
0.5099279581  
0.4191909032  
0.1133700105  
-0.3563514622  
-0.9192010628  
-1.453694224  
-1.776394884  
-1.694439515  
-1.121556194  
-0.1782007802  
0.8306276732  
1.570204278  
1.851378269  
1.702183781  
1.304701487  
0.8628573164  
0.4996427414  
0.2326819553  
-0.0001757188735  
-0.2898771034  
-0.6660008852  
-1.017049639  
-1.12992942  
-0.8462551578  
-0.1968622921  
0.5917885373  
1.208929012  
1.417111582  
1.170845926  
0.6219457377  
0.004696363204  
-0.5059870079  
-0.8480583407  
-1.025052788  
-1.046016273  
-0.9178821102  
-0.6762300675  
-0.4072728355  
-0.2255554333  
-0.2053077741  
-0.3087230515  
-0.3776987796  
-0.2257184513  
0.2144169176  
0.8068052298  
1.281780422  
1.410496281  
1.14512136  
0.6298840559  
0.09456392736  
-0.2860592765  
-0.4730442012  
-0.5397540287  
-0.5819264014  
-0.6433504732  
-0.699117264  
-0.6771022201  
-0.4951770369  
-0.1155521803  
0.4052580494  
0.9277443146  
1.312274966  
1.490974958  
1.452737137  
1.186914523  
0.6844048169  
-0.008424052831  
-0.7648294789  
-1.406317038  
-1.760563625  
-1.736318412  
-1.382032688  
-0.8702686606  
-0.4030243298  
-0.1091188281  
-0.005978726127  
-0.03048858217  
-0.08783737922  
-0.07892565526  
0.08119880363  
0.4249477363  
0.8874537663  
1.307464391  
1.498835336  
1.353942105  
0.9074459506  
0.3124948385  
-0.2516299516  
-0.6664208479  
-0.8976753285  
-0.9654041093  
-0.9111679567  
-0.7848975239  
-0.6270865159  
-0.4412139094  
-0.1985340822  
0.1056830312  
0.39652401  
0.5349513759  
0.4155407559  
0.07491508154  
-0.2931883755  
-0.455388922  
-0.3063186919  
0.05286774081  
0.3902077978  
0.5083697324  
0.3705982177  
0.09980809116  
-0.126848422  
-0.1862799089  
-0.05373899652  
0.2028755928  
